50 47.619048 8.346046
100 96.363636 8.870788
150 142.857143 6.624527
200 166.666667 16.277587
250 200.000000 8.840380
300 250.000000 17.544308
350 333.333333 6.305017
400 333.333333 6.412773
450 333.333333 12.389207
500 333.333333 18.426826
550 500.000000 10.334207
600 500.000000 16.855976
650 500.000000 7.764608
700 500.000000 21.948318
750 500.000000 17.248872
800 500.000000 7.602834
850 500.000000 9.713556
900 500.000000 7.591805
950 500.000000 11.359945
1000 500.000000 18.481215
1050 1000.000000 13.921636
1100 1000.000000 14.531668
1150 1000.000000 8.254507
1200 1000.000000 8.614525
1250 1000.000000 10.523443
1300 1000.000000 11.420863
1350 1000.000000 13.293248
1400 1000.000000 19.082885
1450 1000.000000 8.717593
1500 1000.000000 7.123369
1550 1000.000000 10.163120
1600 1000.000000 8.734270
1650 1000.000000 9.488275
1700 1000.000000 12.055246
1750 1000.000000 8.906226
1800 1000.000000 13.697528
1850 1000.000000 9.598946
1900 1000.000000 19.853246
1950 1000.000000 16.412849
2000 1000.000000 12.326392
